400 760
1,1,2,205
2,1,21,237
3,2,3,30
4,2,22,9
5,3,4,40
6,3,23,47
7,4,5,213
8,4,24,4
9,5,6,19
10,5,25,231
11,6,7,10
12,6,26,14
13,7,8,24
14,7,27,27
15,8,9,21
16,8,28,11
17,9,10,4
18,9,29,5
19,10,11,33
20,10,30,29
21,11,12,25
22,11,31,47
23,12,13,2
24,12,32,39
25,13,14,197
26,13,33,237
27,14,15,241
28,14,34,206
29,15,16,239
30,15,35,237
31,16,17,241
32,16,36,41
33,17,18,48
34,17,37,210
35,18,19,12
36,18,38,6
37,19,20,9
38,19,39,40
39,20,40,200
40,21,22,30
41,21,41,6
42,22,23,48
43,22,42,11
44,23,24,44
45,23,43,12
46,24,25,32
47,24,44,36
48,25,26,28
49,25,45,43
50,26,27,45
51,26,46,25
52,27,28,30
53,27,47,3
54,28,29,241
55,28,48,233
56,29,30,45
57,29,49,230
58,30,31,24
59,30,50,36
60,31,32,217
61,31,51,220
62,32,33,217
63,32,52,203
64,33,34,242
65,33,53,210
66,34,35,216
67,34,54,230
68,35,36,37
69,35,55,14
70,36,37,32
71,36,56,38
72,37,38,201
73,37,57,203
74,38,39,225
75,38,58,242
76,39,40,200
77,39,59,233
78,40,60,38
79,41,42,26
80,41,61,40
81,42,43,38
82,42,62,13
83,43,44,39
84,43,63,16
85,44,45,27
86,44,64,46
87,45,46,46
88,45,65,34
89,46,47,44
90,46,66,25
91,47,48,242
92,47,67,210
93,48,49,227
94,48,68,3
95,49,50,23
96,49,69,30
97,50,51,32
98,50,70,10
99,51,52,209
100,51,71,209
101,52,53,219
102,52,72,30
103,53,54,229
104,53,73,230
105,54,55,24
106,54,74,206
107,55,56,26
108,55,75,15
109,56,57,4
110,56,76,37
111,57,58,230
112,57,77,212
113,58,59,229
114,58,78,234
115,59,60,35
116,59,79,41
117,60,80,22
118,61,62,2
119,61,81,1
120,62,63,7
121,62,82,200
122,63,64,43
123,63,83,4
124,64,65,37
125,64,84,233
126,65,66,45
127,65,85,10
128,66,67,17
129,66,86,32
130,67,68,2
131,67,87,234
132,68,69,15
133,68,88,39
134,69,70,40
135,69,89,13
136,70,71,218
137,70,90,223
138,71,72,6
139,71,91,35
140,72,73,42
141,72,92,28
142,73,74,212
143,73,93,204
144,74,75,204
145,74,94,20
146,75,76,225
147,75,95,222
148,76,77,241
149,76,96,198
150,77,78,241
151,77,97,197
152,78,79,3
153,78,98,212
154,79,80,31
155,79,99,15
156,80,100,9
157,81,82,46
158,81,101,46
159,82,83,41
160,82,102,240
161,83,84,29
162,83,103,27
163,84,85,204
164,84,104,9
165,85,86,237
166,85,105,214
167,86,87,206
168,86,106,24
169,87,88,215
170,87,107,208
171,88,89,205
172,88,108,8
173,89,90,240
174,89,109,42
175,90,91,33
176,90,110,199
177,91,92,20
178,91,111,1
179,92,93,36
180,92,112,5
181,93,94,38
182,93,113,221
183,94,95,13
184,94,114,44
185,95,96,220
186,95,115,221
187,96,97,240
188,96,116,240
189,97,98,203
190,97,117,216
191,98,99,232
192,98,118,221
193,99,100,18
194,99,119,222
195,100,120,21
196,101,102,48
197,101,121,4
198,102,103,241
199,102,122,47
200,103,104,3
201,103,123,21
202,104,105,1
203,104,124,8
204,105,106,24
205,105,125,199
206,106,107,34
207,106,126,26
208,107,108,13
209,107,127,228
210,108,109,9
211,108,128,40
212,109,110,23
213,109,129,4
214,110,111,16
215,110,130,38
216,111,112,15
217,111,131,21
218,112,113,224
219,112,132,243
220,113,114,208
221,113,133,226
222,114,115,239
223,114,134,243
224,115,116,210
225,115,135,36
226,116,117,220
227,116,136,243
228,117,118,221
229,117,137,218
230,118,119,210
231,118,138,218
232,119,120,44
233,119,139,220
234,120,140,8
235,121,122,44
236,121,141,11
237,122,123,3
238,122,142,24
239,123,124,9
240,123,143,14
241,124,125,243
242,124,144,203
243,125,126,32
244,125,145,43
245,126,127,8
246,126,146,30
247,127,128,24
248,127,147,43
249,128,129,27
250,128,148,42
251,129,130,41
252,129,149,1
253,130,131,19
254,130,150,7
255,131,132,30
256,131,151,43
257,132,133,208
258,132,152,5
259,133,134,201
260,133,153,15
261,134,135,9
262,134,154,215
263,135,136,8
264,135,155,44
265,136,137,212
266,136,156,207
267,137,138,197
268,137,157,29
269,138,139,221
270,138,158,47
271,139,140,23
272,139,159,212
273,140,160,49
274,141,142,10
275,141,161,36
276,142,143,11
277,142,162,48
278,143,144,233
279,143,163,36
280,144,145,4
281,144,164,240
282,145,146,6
283,145,165,37
284,146,147,17
285,146,166,233
286,147,148,20
287,147,167,34
288,148,149,222
289,148,168,29
290,149,150,48
291,149,169,241
292,150,151,36
293,150,170,26
294,151,152,49
295,151,171,20
296,152,153,30
297,152,172,3
298,153,154,39
299,153,173,42
300,154,155,232
301,154,174,230
302,155,156,239
303,155,175,43
304,156,157,48
305,156,176,232
306,157,158,17
307,157,177,16
308,158,159,36
309,158,178,49
310,159,160,242
311,159,179,205
312,160,180,41
313,161,162,8
314,161,181,12
315,162,163,18
316,162,182,225
317,163,164,46
318,163,183,45
319,164,165,229
320,164,184,3
321,165,166,231
322,165,185,241
323,166,167,24
324,166,186,206
325,167,168,16
326,167,187,49
327,168,169,28
328,168,188,35
329,169,170,49
330,169,189,240
331,170,171,17
332,170,190,12
333,171,172,29
334,171,191,33
335,172,173,29
336,172,192,40
337,173,174,211
338,173,193,231
339,174,175,32
340,174,194,216
341,175,176,2
342,175,195,4
343,176,177,40
344,176,196,203
345,177,178,45
346,177,197,25
347,178,179,219
348,178,198,227
349,179,180,44
350,179,199,40
351,180,200,35
352,181,182,231
353,181,201,222
354,182,183,240
355,182,202,13
356,183,184,14
357,183,203,214
358,184,185,27
359,184,204,48
360,185,186,204
361,185,205,8
362,186,187,234
363,186,206,198
364,187,188,27
365,187,207,233
366,188,189,17
367,188,208,6
368,189,190,236
369,189,209,36
370,190,191,203
371,190,210,13
372,191,192,22
373,191,211,215
374,192,193,23
375,192,212,28
376,193,194,227
377,193,213,213
378,194,195,234
379,194,214,20
380,195,196,216
381,195,215,32
382,196,197,17
383,196,216,31
384,197,198,45
385,197,217,39
386,198,199,24
387,198,218,24
388,199,200,4
389,199,219,23
390,200,220,19
391,201,202,22
392,201,221,237
393,202,203,43
394,202,222,44
395,203,204,10
396,203,223,225
397,204,205,49
398,204,224,28
399,205,206,2
400,205,225,11
401,206,207,216
402,206,226,214
403,207,208,245
404,207,227,8
405,208,209,22
406,208,228,36
407,209,210,16
408,209,229,44
409,210,211,11
410,210,230,40
411,211,212,31
412,211,231,27
413,212,213,14
414,212,232,1
415,213,214,15
416,213,233,210
417,214,215,20
418,214,234,8
419,215,216,33
420,215,235,27
421,216,217,21
422,216,236,24
423,217,218,10
424,217,237,26
425,218,219,41
426,218,238,16
427,219,220,31
428,219,239,34
429,220,240,46
430,221,222,1
431,221,241,49
432,222,223,19
433,222,242,23
434,223,224,26
435,223,243,5
436,224,225,47
437,224,244,4
438,225,226,30
439,225,245,24
440,226,227,30
441,226,246,2
442,227,228,16
443,227,247,25
444,228,229,3
445,228,248,49
446,229,230,6
447,229,249,25
448,230,231,37
449,230,250,10
450,231,232,6
451,231,251,25
452,232,233,224
453,232,252,214
454,233,234,219
455,233,253,38
456,234,235,217
457,234,254,45
458,235,236,19
459,235,255,209
460,236,237,10
461,236,256,16
462,237,238,21
463,237,257,11
464,238,239,16
465,238,258,34
466,239,240,8
467,239,259,20
468,240,260,12
469,241,242,30
470,241,261,35
471,242,243,32
472,242,262,40
473,243,244,25
474,243,263,33
475,244,245,19
476,244,264,2
477,245,246,4
478,245,265,15
479,246,247,9
480,246,266,45
481,247,248,2
482,247,267,35
483,248,249,37
484,248,268,22
485,249,250,8
486,249,269,16
487,250,251,13
488,250,270,13
489,251,252,206
490,251,271,234
491,252,253,2
492,252,272,238
493,253,254,42
494,253,273,38
495,254,255,29
496,254,274,20
497,255,256,14
498,255,275,221
499,256,257,23
500,256,276,33
501,257,258,233
502,257,277,243
503,258,259,213
504,258,278,242
505,259,260,37
506,259,279,30
507,260,280,41
508,261,262,38
509,261,281,7
510,262,263,35
511,262,282,31
512,263,264,43
513,263,283,39
514,264,265,18
515,264,284,46
516,265,266,43
517,265,285,30
518,266,267,49
519,266,286,39
520,267,268,7
521,267,287,24
522,268,269,47
523,268,288,25
524,269,270,8
525,269,289,30
526,270,271,219
527,270,290,211
528,271,272,209
529,271,291,233
530,272,273,203
531,272,292,30
532,273,274,226
533,273,293,3
534,274,275,216
535,274,294,243
536,275,276,234
537,275,295,210
538,276,277,226
539,276,296,47
540,277,278,200
541,277,297,224
542,278,279,48
543,278,298,244
544,279,280,29
545,279,299,6
546,280,300,43
547,281,282,36
548,281,301,44
549,282,283,45
550,282,302,37
551,283,284,31
552,283,303,218
553,284,285,44
554,284,304,22
555,285,286,209
556,285,305,234
557,286,287,1
558,286,306,212
559,287,288,13
560,287,307,30
561,288,289,5
562,288,308,35
563,289,290,19
564,289,309,41
565,290,291,210
566,290,310,42
567,291,292,20
568,291,311,34
569,292,293,2
570,292,312,16
571,293,294,48
572,293,313,37
573,294,295,218
574,294,314,216
575,295,296,35
576,295,315,38
577,296,297,39
578,296,316,42
579,297,298,236
580,297,317,48
581,298,299,239
582,298,318,225
583,299,300,13
584,299,319,15
585,300,320,16
586,301,302,18
587,301,321,20
588,302,303,224
589,302,322,40
590,303,304,199
591,303,323,35
592,304,305,230
593,304,324,210
594,305,306,231
595,305,325,27
596,306,307,241
597,306,326,14
598,307,308,240
599,307,327,222
600,308,309,21
601,308,328,30
602,309,310,37
603,309,329,48
604,310,311,36
605,310,330,13
606,311,312,38
607,311,331,3
608,312,313,206
609,312,332,5
610,313,314,222
611,313,333,202
612,314,315,27
613,314,334,3
614,315,316,11
615,315,335,40
616,316,317,12
617,316,336,232
618,317,318,29
619,317,337,19
620,318,319,14
621,318,338,41
622,319,320,27
623,319,339,31
624,320,340,4
625,321,322,5
626,321,341,34
627,322,323,7
628,322,342,24
629,323,324,41
630,323,343,19
631,324,325,5
632,324,344,19
633,325,326,3
634,325,345,28
635,326,327,37
636,326,346,3
637,327,328,12
638,327,347,242
639,328,329,36
640,328,348,38
641,329,330,219
642,329,349,236
643,330,331,207
644,330,350,245
645,331,332,36
646,331,351,210
647,332,333,11
648,332,352,12
649,333,334,45
650,333,353,236
651,334,335,44
652,334,354,28
653,335,336,200
654,335,355,42
655,336,337,3
656,336,356,40
657,337,338,6
658,337,357,14
659,338,339,34
660,338,358,45
661,339,340,22
662,339,359,22
663,340,360,8
664,341,342,234
665,341,361,17
666,342,343,21
667,342,362,205
668,343,344,31
669,343,363,3
670,344,345,8
671,344,364,49
672,345,346,32
673,345,365,7
674,346,347,28
675,346,366,13
676,347,348,41
677,347,367,226
678,348,349,37
679,348,368,46
680,349,350,225
681,349,369,32
682,350,351,228
683,350,370,44
684,351,352,239
685,351,371,30
686,352,353,233
687,352,372,225
688,353,354,26
689,353,373,229
690,354,355,29
691,354,374,22
692,355,356,24
693,355,375,45
694,356,357,8
695,356,376,4
696,357,358,17
697,357,377,27
698,358,359,228
699,358,378,17
700,359,360,216
701,359,379,240
702,360,380,230
703,361,362,28
704,361,381,31
705,362,363,222
706,362,382,8
707,363,364,1
708,363,383,17
709,364,365,39
710,364,384,3
711,365,366,37
712,365,385,1
713,366,367,41
714,366,386,9
715,367,368,230
716,367,387,224
717,368,369,8
718,368,388,39
719,369,370,45
720,369,389,27
721,370,371,2
722,370,390,47
723,371,372,35
724,371,391,48
725,372,373,207
726,372,392,44
727,373,374,201
728,373,393,38
729,374,375,21
730,374,394,23
731,375,376,28
732,375,395,42
733,376,377,28
734,376,396,23
735,377,378,21
736,377,397,33
737,378,379,32
738,378,398,8
739,379,380,239
740,379,399,49
741,380,400,228
742,381,382,40
743,382,383,19
744,383,384,22
745,384,385,19
746,385,386,4
747,386,387,214
748,387,388,36
749,388,389,39
750,389,390,211
751,390,391,243
752,391,392,15
753,392,393,25
754,393,394,35
755,394,395,44
756,395,396,44
757,396,397,40
758,397,398,44
759,398,399,22
760,399,400,43

