512 4 QUEIJO_ID PAIS_PID PRODUCAO_ANUAL CONSUMO
285 4 0 0
49 16 0 0
240 25 0 0
207 15 0 0
237 30 0 0
183 18 0 0
296 15 0 0
175 13 0 0
198 15 0 0
492 15 0 0
395 15 0 0
290 15 0 0
153 13 0 0
281 17 0 0
384 43 0 0
462 40 0 0
221 18 0 0
7 28 0 0
66 15 0 0
48 42 0 0
93 13 0 0
263 11 0 0
450 15 0 0
350 25 0 0
162 28 0 0
268 29 0 0
283 4 0 0
112 13 0 0
341 11 0 0
191 29 0 0
311 15 0 0
155 23 0 0
506 15 0 0
75 43 0 0
360 15 0 0
31 19 0 0
77 15 0 0
107 15 0 0
140 43 0 0
92 15 0 0
323 38 0 0
21 15 0 0
185 16 0 0
374 25 0 0
89 16 0 0
64 15 0 0
502 4 0 0
109 25 0 0
313 35 0 0
195 17 0 0
393 43 0 0
471 13 0 0
440 15 0 0
95 16 0 0
397 43 0 0
421 38 0 0
56 15 0 0
373 21 0 0
108 8 0 0
35 13 0 0
23 15 0 0
307 18 0 0
20 38 0 0
463 25 0 0
209 25 0 0
54 15 0 0
94 15 0 0
236 30 0 0
426 38 0 0
113 26 0 0
180 23 0 0
398 31 0 0
57 15 0 0
334 13 0 0
408 6 0 0
118 38 0 0
187 40 0 0
122 15 0 0
132 13 0 0
494 33 0 0
363 27 0 0
396 6 0 0
88 15 0 0
151 43 0 0
455 15 0 0
383 25 0 0
371 31 0 0
215 15 0 0
244 15 0 0
382 25 0 0
70 20 0 0
11 15 0 0
402 29 0 0
22 23 0 0
321 38 0 0
196 4 0 0
120 32 0 0
167 13 0 0
411 4 0 0
116 23 0 0
481 13 0 0
484 13 0 0
80 15 0 0
277 4 0 0
292 35 0 0
348 15 0 0
163 11 0 0
431 25 0 0
166 15 0 0
457 11 0 0
224 15 0 0
327 15 0 0
482 13 0 0
423 38 0 0
269 43 0 0
304 15 0 0
470 32 0 0
365 15 0 0
485 39 0 0
417 25 0 0
157 15 0 0
459 15 0 0
36 13 0 0
460 2 0 0
259 23 0 0
362 13 0 0
241 34 0 0
6 43 0 0
330 25 0 0
199 15 0 0
475 13 0 0
150 27 0 0
44 43 0 0
487 43 0 0
211 15 0 0
287 16 0 0
366 35 0 0
438 25 0 0
242 13 0 0
399 15 0 0
90 6 0 0
456 15 0 0
369 15 0 0
297 15 0 0
406 39 0 0
300 15 0 0
235 15 0 0
272 43 0 0
42 25 0 0
177 15 0 0
264 4 0 0
370 15 0 0
454 15 0 0
96 13 0 0
436 8 0 0
353 15 0 0
345 43 0 0
133 13 0 0
312 28 0 0
131 15 0 0
453 15 0 0
129 15 0 0
501 16 0 0
422 38 0 0
427 38 0 0
359 4 0 0
200 40 0 0
434 2 0 0
58 11 0 0
127 15 0 0
377 15 0 0
38 15 0 0
246 4 0 0
324 36 0 0
392 38 0 0
412 15 0 0
28 20 0 0
144 23 0 0
344 43 0 0
25 25 0 0
102 25 0 0
161 13 0 0
340 15 0 0
24 27 0 0
428 32 0 0
483 13 0 0
231 15 0 0
247 39 0 0
260 15 0 0
477 25 0 0
85 15 0 0
98 15 0 0
52 15 0 0
461 12 0 0
106 15 0 0
67 15 0 0
443 25 0 0
164 34 0 0
500 43 0 0
420 27 0 0
437 25 0 0
486 13 0 0
256 39 0 0
381 15 0 0
243 18 0 0
338 15 0 0
386 15 0 0
134 15 0 0
148 13 0 0
299 15 0 0
30 15 0 0
270 39 0 0
86 15 0 0
280 1 0 0
497 38 0 0
415 16 0 0
228 11 0 0
279 14 0 0
139 43 0 0
289 15 0 0
409 43 0 0
137 15 0 0
210 25 0 0
333 22 0 0
303 24 0 0
234 38 0 0
27 15 0 0
262 4 0 0
245 35 0 0
248 43 0 0
33 15 0 0
448 40 0 0
1 15 0 0
273 38 0 0
37 16 0 0
375 25 0 0
380 15 0 0
232 30 0 0
45 13 0 0
84 33 0 0
126 15 0 0
202 25 0 0
3 15 0 0
233 15 0 0
286 4 0 0
111 15 0 0
119 25 0 0
364 15 0 0
469 35 0 0
418 15 0 0
342 5 0 0
50 35 0 0
254 17 0 0
141 43 0 0
53 15 0 0
284 29 0 0
309 15 0 0
71 15 0 0
368 37 0 0
445 38 0 0
476 43 0 0
17 15 0 0
206 15 0 0
322 15 0 0
328 11 0 0
261 9 0 0
60 4 0 0
305 18 0 0
288 5 0 0
367 23 0 0
239 13 0 0
293 19 0 0
266 13 0 0
4 10 0 0
315 13 0 0
468 1 0 0
466 15 0 0
257 15 0 0
14 15 0 0
26 15 0 0
97 13 0 0
226 15 0 0
69 25 0 0
68 15 0 0
499 41 0 0
197 15 0 0
444 15 0 0
251 15 0 0
178 43 0 0
130 15 0 0
159 38 0 0
267 6 0 0
339 23 0 0
9 42 0 0
490 15 0 0
154 15 0 0
346 15 0 0
110 15 0 0
172 25 0 0
186 13 0 0
238 13 0 0
385 15 0 0
354 15 0 0
355 11 0 0
100 38 0 0
347 15 0 0
135 15 0 0
115 25 0 0
258 40 0 0
87 15 0 0
101 15 0 0
165 15 0 0
46 15 0 0
62 35 0 0
160 15 0 0
391 15 0 0
117 38 0 0
464 40 0 0
143 15 0 0
320 29 0 0
404 15 0 0
12 16 0 0
504 15 0 0
32 21 0 0
265 39 0 0
447 15 0 0
442 15 0 0
498 43 0 0
51 23 0 0
13 32 0 0
425 27 0 0
319 15 0 0
142 43 0 0
274 25 0 0
472 43 0 0
81 15 0 0
302 15 0 0
356 17 0 0
479 15 0 0
332 15 0 0
173 23 0 0
317 15 0 0
249 25 0 0
29 15 0 0
105 35 0 0
394 40 0 0
441 15 0 0
174 16 0 0
361 30 0 0
103 25 0 0
203 15 0 0
168 13 0 0
400 4 0 0
255 15 0 0
439 30 0 0
474 7 0 0
478 15 0 0
15 15 0 0
104 28 0 0
229 23 0 0
388 43 0 0
16 27 0 0
352 25 0 0
430 25 0 0
193 15 0 0
212 29 0 0
358 15 0 0
176 13 0 0
337 42 0 0
410 25 0 0
503 25 0 0
63 13 0 0
18 17 0 0
74 15 0 0
389 15 0 0
230 15 0 0
253 15 0 0
213 15 0 0
91 37 0 0
458 38 0 0
314 13 0 0
156 15 0 0
276 30 0 0
271 38 0 0
184 18 0 0
298 23 0 0
208 25 0 0
218 25 0 0
357 15 0 0
204 38 0 0
376 6 0 0
467 38 0 0
152 15 0 0
2 15 0 0
413 4 0 0
372 15 0 0
446 15 0 0
147 23 0 0
223 15 0 0
507 15 0 0
125 13 0 0
452 40 0 0
55 15 0 0
79 15 0 0
39 6 0 0
128 15 0 0
222 13 0 0
405 15 0 0
465 5 0 0
76 15 0 0
47 15 0 0
82 15 0 0
379 15 0 0
136 15 0 0
189 11 0 0
295 15 0 0
225 15 0 0
331 25 0 0
5 15 0 0
227 15 0 0
19 40 0 0
278 29 0 0
114 15 0 0
169 34 0 0
336 29 0 0
435 6 0 0
170 13 0 0
433 15 0 0
495 12 0 0
188 15 0 0
214 15 0 0
252 15 0 0
310 13 0 0
491 4 0 0
205 13 0 0
124 15 0 0
138 15 0 0
343 25 0 0
387 38 0 0
34 29 0 0
194 43 0 0
72 15 0 0
201 13 0 0
432 15 0 0
10 29 0 0
145 23 0 0
505 4 0 0
325 13 0 0
326 6 0 0
65 15 0 0
43 16 0 0
171 13 0 0
275 35 0 0
424 27 0 0
192 32 0 0
473 36 0 0
217 25 0 0
121 38 0 0
219 40 0 0
182 23 0 0
216 43 0 0
403 15 0 0
146 13 0 0
41 16 0 0
250 25 0 0
329 15 0 0
123 28 0 0
190 15 0 0
488 13 0 0
493 28 0 0
8 39 0 0
349 4 0 0
496 40 0 0
181 35 0 0
294 13 0 0
220 18 0 0
282 18 0 0
451 39 0 0
489 25 0 0
351 25 0 0
378 15 0 0
306 13 0 0
308 6 0 0
83 15 0 0
390 15 0 0
40 13 0 0
407 25 0 0
335 15 0 0
99 35 0 0
449 6 0 0
316 15 0 0
301 15 0 0
73 15 0 0
78 15 0 0
158 43 0 0
419 15 0 0
414 15 0 0
149 13 0 0
59 15 0 0
291 15 0 0
480 13 0 0
401 15 0 0
416 4 0 0
179 13 0 0
318 18 0 0
429 15 0 0
61 18 0 0
508 44 0 0
509 44 0 0
510 44 0 0
511 44 0 0
512 44 0 0
