1023 512 9 15
1    1   3  74
1    2   3 282
1    3   4 118
1    4   3  56
1    5   3 178
1    6   3 476
1    7   5 165
1    8   3 336
1    9   3 388
1   10   3  46
1   11   3 448
1   12   3 293
1   13   4 367
1   14   4 369
1   15   5 441
1   16   3 429
1   17   3 390
1   18   3 353
1   19   3 456
1   20   3 122
1   21   3 200
1   22   3  55
1   23   3 298
1   24   3 243
1   25   3 463
1   26   4 486
1   27   4  83
1   28   4 109
1   29   5 230
1   30   5 131
1   31   5 252
1   32   3 361
1   33   3  66
1   34   3  99
1   35   3 344
1   36   3  95
1   37   3  75
1   38   3 141
1   39   3 346
1   40   3 133
1   41   3 401
1   42   3 317
1   43   3 347
1   44   3  36
1   45   3 148
1   46   3  54
1   47   3 208
1   48   3 379
1   49   3 332
1   50   3 475
1   51   3  70
1   52   3 508
1   53   4  20
1   54   4 371
1   55   4 190
1   56   4 268
1   57   4 162
1   58   5 447
1   59   5 440
1   60   5 425
1   61   5 119
1   62   5 197
1   63   5 272
1   64   1  93
1   65   3 437
1   66   3 278
1   67   3 209
1   68   3 305
1   69   3 489
1   70   3 400
1   71   3 174
1   72   3  62
1   73   3  80
1   74   3 326
1   75   3 229
1   76   3 373
1   77   3 129
1   78   3 308
1   79   3 313
1   80   3 260
1   81   3 341
1   82   3 307
1   83   3  28
1   84   3 462
1   85   3  94
1   86   3 378
1   87   3 322
1   88   3 221
1   89   3 288
1   90   3 173
1   91   3 478
1   92   3 196
1   93   3   3
1   94   3 146
1   95   3 201
1   96   3 257
1   97   3 477
1   98   3 471
1   99   3 215
1  100   3 275
1  101   3 306
1  102   3 490
1  103   3  38
1  104   3 443
1  105   4  21
1  106   4  18
1  107   4 461
1  108   4 204
1  109   4  87
1  110   4  85
1  111   4 235
1  112   4 281
1  113   4 117
1  114   4 488
1  115   4 301
1  116   4 266
1  117   5 261
1  118   5 232
1  119   5  17
1  120   5 309
1  121   5  63
1  122   5  64
1  123   5 156
1  124   5 112
1  125   5 126
1  126   5  33
1  127   5 404
1  128   1 351
1  129   2 113
1  130   3 465
1  131   3 452
1  132   3 211
1  133   3 145
1  134   3  81
1  135   3 413
1  136   3 304
1  137   3 295
1  138   3 177
1  139   3 431
1  140   3 213
1  141   3 334
1  142   3  69
1  143   3 460
1  144   3  39
1  145   3 183
1  146   3 294
1  147   3 181
1  148   3 226
1  149   3 188
1  150   3 220
1  151   3 240
1  152   3 172
1  153   3 297
1  154   3 469
1  155   3  79
1  156   3 496
1  157   3 223
1  158   3 457
1  159   3 247
1  160   3 175
1  161   3  27
1  162   3 228
1  163   3 320
1  164   3  60
1  165   3 161
1  166   3 166
1  167   3 363
1  168   3 442
1  169   3 233
1  170   3 415
1  171   3 434
1  172   3 433
1  173   3 104
1  174   3 302
1  175   3 451
1  176   3 375
1  177   3 435
1  178   3 417
1  179   3 189
1  180   3   5
1  181   3 256
1  182   3   2
1  183   3 108
1  184   3 101
1  185   3 359
1  186   3 372
1  187   3  41
1  188   3 481
1  189   3 270
1  190   3 503
1  191   3 110
1  192   3 482
1  193   3 376
1  194   3 321
1  195   3 472
1  196   3 395
1  197   3 216
1  198   3  32
1  199   3 396
1  200   3 349
1  201   3  67
1  202   3 140
1  203   3 290
1  204   3 406
1  205   3 454
1  206   3 432
1  207   3 245
1  208   3  15
1  209   3 338
1  210   3 512
1  211   4 438
1  212   4 324
1  213   4 470
1  214   4 218
1  215   4 480
1  216   4 159
1  217   4 225
1  218   4 333
1  219   4 360
1  220   4 468
1  221   4 450
1  222   4 316
1  223   4  91
1  224   4 370
1  225   4 273
1  226   4  45
1  227   4 205
1  228   4 428
1  229   4  48
1  230   4  72
1  231   4 445
1  232   4 377
1  233   5  35
1  234   5 386
1  235   5 424
1  236   5 237
1  237   5 192
1  238   5 138
1  239   5 498
1  240   5 418
1  241   5   6
1  242   5 130
1  243   5 155
1  244   5  16
1  245   5 405
1  246   5 234
1  247   5 289
1  248   5 283
1  249   5 238
1  250   5 423
1  251   5 348
1  252   5 239
1  253   5 412
1  254   5 147
1  255   6 279
1  256   1 352
1  257   1 217
1  258   1 350
1  259   2 280
1  260   3 362
1  261   3 264
1  262   3 231
1  263   3 249
1  264   3 132
1  265   3  51
1  266   3 242
1  267   3  10
1  268   3  76
1  269   3 358
1  270   3 330
1  271   3 483
1  272   3 329
1  273   3 318
1  274   3 473
1  275   3 258
1  276   3  37
1  277   3 248
1  278   3 176
1  279   3 111
1  280   3 504
1  281   3 284
1  282   3 501
1  283   3 444
1  284   3 436
1  285   3 315
1  286   3 158
1  287   3  42
1  288   3 250
1  289   3 152
1  290   3 149
1  291   3 374
1  292   3 420
1  293   3  12
1  294   3 331
1  295   3 285
1  296   3  58
1  297   3 402
1  298   3  30
1  299   3 328
1  300   3 506
1  301   3 219
1  302   3 244
1  303   3  19
1  304   3 286
1  305   3 502
1  306   3 171
1  307   3 163
1  308   3 500
1  309   3 408
1  310   3  25
1  311   3 212
1  312   3 380
1  313   3 139
1  314   3 154
1  315   3 124
1  316   3 187
1  317   3  52
1  318   3  31
1  319   3 207
1  320   3  68
1  321   3 142
1  322   3 277
1  323   3 151
1  324   3  78
1  325   3 265
1  326   3 291
1  327   3 169
1  328   3 267
1  329   3 342
1  330   3 160
1  331   3 263
1  332   3  34
1  333   3 276
1  334   3  49
1  335   3 137
1  336   3  77
1  337   3  47
1  338   3 497
1  339   3 335
1  340   3 345
1  341   3 327
1  342   3 170
1  343   3  82
1  344   3 366
1  345   3  97
1  346   3 185
1  347   3  89
1  348   3 312
1  349   3 487
1  350   3 107
1  351   3 455
1  352   3 479
1  353   3 262
1  354   3 311
1  355   3  65
1  356   3 325
1  357   3 191
1  358   3 411
1  359   3 485
1  360   3 357
1  361   3   8
1  362   3 168
1  363   3 354
1  364   3 397
1  365   3 253
1  366   3  59
1  367   3 365
1  368   3 299
1  369   3 193
1  370   3 106
1  371   3 467
1  372   3  90
1  373   3 403
1  374   3 199
1  375   3 259
1  376   3 416
1  377   3 364
1  378   3 143
1  379   3  11
1  380   3 182
1  381   3  43
1  382   3 343
1  383   3 430
1  384   3 116
1  385   3 180
1  386   3  57
1  387   3 214
1  388   3 389
1  389   3 102
1  390   3 507
1  391   3 287
1  392   3 384
1  393   3 114
1  394   3 458
1  395   3  22
1  396   3 464
1  397   3  29
1  398   3 184
1  399   3 224
1  400   3 439
1  401   3 355
1  402   3 251
1  403   3 153
1  404   3 407
1  405   3 394
1  406   3  61
1  407   3 123
1  408   3 409
1  409   3 449
1  410   3 393
1  411   3 144
1  412   3 493
1  413   3  53
1  414   3 167
1  415   3 410
1  416   3 150
1  417   3  24
1  418   3  50
1  419   3 509
1  420   3 510
1  421   4 495
1  422   4 494
1  423   4   4
1  424   4  73
1  425   4 337
1  426   4 105
1  427   4 274
1  428   4 303
1  429   4 164
1  430   4  13
1  431   4  44
1  432   4 241
1  433   4  71
1  434   4 121
1  435   4 194
1  436   4 300
1  437   4 206
1  438   4  88
1  439   4 368
1  440   4 186
1  441   4 310
1  442   4   1
1  443   4 202
1  444   4 103
1  445   4 446
1  446   4 484
1  447   4 340
1  448   4 323
1  449   4 227
1  450   4  26
1  451   4 296
1  452   4 198
1  453   4 356
1  454   4 383
1  455   4  40
1  456   4 120
1  457   4 474
1  458   4  84
1  459   4 255
1  460   4  86
1  461   4   7
1  462   4 222
1  463   4 398
1  464   4 179
1  465   4 203
1  466   4 382
1  467   5 381
1  468   5  92
1  469   5 319
1  470   5  96
1  471   5 157
1  472   5 246
1  473   5 426
1  474   5 254
1  475   5  98
1  476   5 195
1  477   5 391
1  478   5 466
1  479   5 459
1  480   5 269
1  481   5 387
1  482   5 419
1  483   5  14
1  484   5 491
1  485   5 385
1  486   5 505
1  487   5 314
1  488   5 210
1  489   5 135
1  490   5 427
1  491   5 339
1  492   5 136
1  493   5 236
1  494   5 125
1  495   5 100
1  496   5 414
1  497   5 392
1  498   5 271
1  499   5  23
1  500   5 422
1  501   5 115
1  502   5 492
1  503   5 292
1  504   5 134
1  505   5 399
1  506   5 127
1  507   5 128
1  508   5 453
1  509   5 421
1  510   5 511
1  511   7   9
0  512   1 352
0  513   1 351
0  514   1 217
0  515   1  93
0  516   1 350
0  517   2 113
0  518   2 280
0  519   3 361
0  520   3 362
0  521   3 465
0  522   3 264
0  523   3 437
0  524   3 231
0  525   3 452
0  526   3 249
0  527   3 429
0  528   3 132
0  529   3 211
0  530   3  51
0  531   3 278
0  532   3 242
0  533   3 145
0  534   3  10
0  535   3  66
0  536   3  76
0  537   3  81
0  538   3 358
0  539   3 209
0  540   3 330
0  541   3 413
0  542   3 483
0  543   3 336
0  544   3 329
0  545   3 304
0  546   3 318
0  547   3 305
0  548   3 473
0  549   3 295
0  550   3 258
0  551   3  99
0  552   3  37
0  553   3 177
0  554   3 248
0  555   3 489
0  556   3 176
0  557   3 431
0  558   3 111
0  559   3 390
0  560   3 504
0  561   3 213
0  562   3 284
0  563   3 400
0  564   3 501
0  565   3 334
0  566   3 444
0  567   3 344
0  568   3 436
0  569   3  69
0  570   3 315
0  571   3 174
0  572   3 158
0  573   3 460
0  574   3  42
0  575   3  56
0  576   3 250
0  577   3  39
0  578   3 152
0  579   3  62
0  580   3 149
0  581   3 183
0  582   3 374
0  583   3  95
0  584   3 420
0  585   3 294
0  586   3  12
0  587   3  80
0  588   3 331
0  589   3 181
0  590   3 285
0  591   3 353
0  592   3  58
0  593   3 226
0  594   3 402
0  595   3 326
0  596   3  30
0  597   3 188
0  598   3 328
0  599   3  75
0  600   3 506
0  601   3 220
0  602   3 219
0  603   3 229
0  604   3 244
0  605   3 240
0  606   3  19
0  607   3 388
0  608   3 286
0  609   3 172
0  610   3 502
0  611   3 373
0  612   3 171
0  613   3 297
0  614   3 163
0  615   3 141
0  616   3 500
0  617   3 469
0  618   3 408
0  619   3 129
0  620   3  25
0  621   3  79
0  622   3 212
0  623   3 456
0  624   3 380
0  625   3 496
0  626   3 139
0  627   3 308
0  628   3 154
0  629   3 223
0  630   3 124
0  631   3 346
0  632   3 187
0  633   3 457
0  634   3  52
0  635   3 313
0  636   3  31
0  637   3 247
0  638   3 207
0  639   3 282
0  640   3  68
0  641   3 175
0  642   3 142
0  643   3 260
0  644   3 277
0  645   3  27
0  646   3 151
0  647   3 133
0  648   3  78
0  649   3 228
0  650   3 265
0  651   3 341
0  652   3 291
0  653   3 320
0  654   3 169
0  655   3 122
0  656   3 267
0  657   3  60
0  658   3 342
0  659   3 307
0  660   3 160
0  661   3 161
0  662   3 263
0  663   3 401
0  664   3  34
0  665   3 166
0  666   3 276
0  667   3  28
0  668   3  49
0  669   3 363
0  670   3 137
0  671   3  46
0  672   3  77
0  673   3 442
0  674   3  47
0  675   3 462
0  676   3 497
0  677   3 233
0  678   3 335
0  679   3 317
0  680   3 345
0  681   3 415
0  682   3 327
0  683   3  94
0  684   3 170
0  685   3 434
0  686   3  82
0  687   3 200
0  688   3 366
0  689   3 433
0  690   3  97
0  691   3 378
0  692   3 185
0  693   3 104
0  694   3  89
0  695   3 347
0  696   3 312
0  697   3 302
0  698   3 487
0  699   3 322
0  700   3 107
0  701   3 451
0  702   3 455
0  703   3 178
0  704   3 479
0  705   3 375
0  706   3 262
0  707   3 221
0  708   3 311
0  709   3 435
0  710   3  65
0  711   3  36
0  712   3 325
0  713   3 417
0  714   3 191
0  715   3 288
0  716   3 411
0  717   3 189
0  718   3 485
0  719   3  55
0  720   3 357
0  721   3   5
0  722   3   8
0  723   3 173
0  724   3 168
0  725   3 256
0  726   3 354
0  727   3 148
0  728   3 397
0  729   3   2
0  730   3 253
0  731   3 478
0  732   3  59
0  733   3 108
0  734   3 365
0  735   3 448
0  736   3 299
0  737   3 101
0  738   3 193
0  739   3 196
0  740   3 106
0  741   3 359
0  742   3 467
0  743   3  54
0  744   3  90
0  745   3 372
0  746   3 403
0  747   3   3
0  748   3 199
0  749   3  41
0  750   3 259
0  751   3 298
0  752   3 416
0  753   3 481
0  754   3 364
0  755   3 146
0  756   3 143
0  757   3 270
0  758   3  11
0  759   3 208
0  760   3 182
0  761   3 503
0  762   3  43
0  763   3 201
0  764   3 343
0  765   3 110
0  766   3 430
0  767   3  74
0  768   3 116
0  769   3 482
0  770   3 180
0  771   3 257
0  772   3  57
0  773   3 376
0  774   3 214
0  775   3 379
0  776   3 389
0  777   3 321
0  778   3 102
0  779   3 477
0  780   3 507
0  781   3 472
0  782   3 287
0  783   3 243
0  784   3 384
0  785   3 395
0  786   3 114
0  787   3 471
0  788   3 458
0  789   3 216
0  790   3  22
0  791   3 332
0  792   3 464
0  793   3  32
0  794   3  29
0  795   3 215
0  796   3 184
0  797   3 396
0  798   3 224
0  799   3 293
0  800   3 439
0  801   3 349
0  802   3 355
0  803   3 275
0  804   3 251
0  805   3  67
0  806   3 153
0  807   3 475
0  808   3 407
0  809   3 140
0  810   3 394
0  811   3 306
0  812   3  61
0  813   3 290
0  814   3 123
0  815   3 463
0  816   3 409
0  817   3 406
0  818   3 449
0  819   3 490
0  820   3 393
0  821   3 454
0  822   3 144
0  823   3  70
0  824   3 493
0  825   3 432
0  826   3  53
0  827   3  38
0  828   3 167
0  829   3 245
0  830   3 410
0  831   3 476
0  832   3 150
0  833   3  15
0  834   3  24
0  835   3 443
0  836   3  50
0  837   3 338
0  838   3 509
0  839   3 508
0  840   3 510
0  841   3 512
0  842   4 495
0  843   4  21
0  844   4 494
0  845   4 438
0  846   4   4
0  847   4 486
0  848   4  73
0  849   4 324
0  850   4 337
0  851   4  18
0  852   4 105
0  853   4 470
0  854   4 274
0  855   4  20
0  856   4 303
0  857   4 218
0  858   4 164
0  859   4 461
0  860   4  13
0  861   4 480
0  862   4  44
0  863   4 367
0  864   4 241
0  865   4 159
0  866   4  71
0  867   4 204
0  868   4 121
0  869   4 225
0  870   4 194
0  871   4 371
0  872   4 300
0  873   4 333
0  874   4 206
0  875   4  87
0  876   4  88
0  877   4 360
0  878   4 368
0  879   4  83
0  880   4 186
0  881   4 468
0  882   4 310
0  883   4  85
0  884   4   1
0  885   4 450
0  886   4 202
0  887   4 190
0  888   4 103
0  889   4 316
0  890   4 446
0  891   4 235
0  892   4 484
0  893   4  91
0  894   4 340
0  895   4 118
0  896   4 323
0  897   4 370
0  898   4 227
0  899   4 281
0  900   4  26
0  901   4 273
0  902   4 296
0  903   4 268
0  904   4 198
0  905   4  45
0  906   4 356
0  907   4 117
0  908   4 383
0  909   4 205
0  910   4  40
0  911   4 109
0  912   4 120
0  913   4 428
0  914   4 474
0  915   4 488
0  916   4  84
0  917   4  48
0  918   4 255
0  919   4 162
0  920   4  86
0  921   4  72
0  922   4   7
0  923   4 301
0  924   4 222
0  925   4 445
0  926   4 398
0  927   4 369
0  928   4 179
0  929   4 377
0  930   4 203
0  931   4 266
0  932   4 382
0  933   5  35
0  934   5 381
0  935   5 447
0  936   5  92
0  937   5 386
0  938   5 319
0  939   5 261
0  940   5  96
0  941   5 424
0  942   5 157
0  943   5 230
0  944   5 246
0  945   5 237
0  946   5 426
0  947   5 232
0  948   5 254
0  949   5 192
0  950   5  98
0  951   5 440
0  952   5 195
0  953   5 138
0  954   5 391
0  955   5  17
0  956   5 466
0  957   5 498
0  958   5 459
0  959   5 165
0  960   5 269
0  961   5 418
0  962   5 387
0  963   5 309
0  964   5 419
0  965   5   6
0  966   5  14
0  967   5 425
0  968   5 491
0  969   5 130
0  970   5 385
0  971   5  63
0  972   5 505
0  973   5 155
0  974   5 314
0  975   5 131
0  976   5 210
0  977   5  16
0  978   5 135
0  979   5  64
0  980   5 427
0  981   5 405
0  982   5 339
0  983   5 119
0  984   5 136
0  985   5 234
0  986   5 236
0  987   5 156
0  988   5 125
0  989   5 289
0  990   5 100
0  991   5 441
0  992   5 414
0  993   5 283
0  994   5 392
0  995   5 112
0  996   5 271
0  997   5 238
0  998   5  23
0  999   5 197
0 1000   5 422
0 1001   5 423
0 1002   5 115
0 1003   5 126
0 1004   5 492
0 1005   5 348
0 1006   5 292
0 1007   5 252
0 1008   5 134
0 1009   5 239
0 1010   5 399
0 1011   5  33
0 1012   5 127
0 1013   5 412
0 1014   5 128
0 1015   5 272
0 1016   5 453
0 1017   5 147
0 1018   5 421
0 1019   5 404
0 1020   5 511
0 1021   6 279
0 1022   7   9
0 1023   8 499
