1023 512 9 15
1    1   1 475
1    2   1 401
1    3   2 190
1    4   1 225
1    5   1 356
1    6   2 246
1    7   2 117
1    8   1 164
1    9   1 309
1   10   1 351
1   11   1 214
1   12   2 249
1   13   2  19
1   14   2 273
1   15   2 215
1   16   1  73
1   17   1 420
1   18   1 498
1   19   1  27
1   20   1 135
1   21   1 478
1   22   1 120
1   23   1 252
1   24   1 203
1   25   2 105
1   26   2 181
1   27   2 187
1   28   2 233
1   29   2 173
1   30   2 430
1   31   2 369
1   32   1 145
1   33   1 274
1   34   1 174
1   35   1  98
1   36   1 388
1   37   1  79
1   38   1 310
1   39   1  60
1   40   1 210
1   41   1 378
1   42   1 191
1   43   1 125
1   44   1 259
1   45   1 126
1   46   1 348
1   47   1 293
1   48   1 449
1   49   2  35
1   50   2 486
1   51   2 176
1   52   2  39
1   53   2  75
1   54   2 212
1   55   2   1
1   56   2  49
1   57   2 370
1   58   2 325
1   59   2 108
1   60   2 428
1   61   2 279
1   62   2 394
1   63   2 245
1   64   1 211
1   65   1  81
1   66   1 329
1   67   1 303
1   68   1 230
1   69   1  62
1   70   1  44
1   71   1  30
1   72   1 138
1   73   1 502
1   74   1 165
1   75   1 418
1   76   1 419
1   77   1 282
1   78   1 320
1   79   1 160
1   80   1 235
1   81   1 442
1   82   1  64
1   83   1 302
1   84   1  65
1   85   1   8
1   86   1 299
1   87   1 441
1   88   1 392
1   89   1 197
1   90   1 182
1   91   1 180
1   92   1 255
1   93   1 384
1   94   1  32
1   95   1 412
1   96   1 421
1   97   1 404
1   98   1  50
1   99   2 465
1  100   2 242
1  101   2 483
1  102   2 258
1  103   2 461
1  104   2 480
1  105   2 237
1  106   2 192
1  107   2 219
1  108   2 459
1  109   2 139
1  110   2 247
1  111   2 341
1  112   2 316
1  113   2  47
1  114   2 200
1  115   2 312
1  116   2 262
1  117   2 485
1  118   2 354
1  119   2 100
1  120   2 109
1  121   2 503
1  122   2 321
1  123   2 134
1  124   2 275
1  125   2  61
1  126   2  70
1  127   2 443
1  128   1 231
1  129   1 278
1  130   1  76
1  131   1 386
1  132   1 330
1  133   1 470
1  134   1 424
1  135   1 218
1  136   1 390
1  137   1 444
1  138   1  56
1  139   1  95
1  140   1 331
1  141   1  58
1  142   1 159
1  143   1 204
1  144   1 195
1  145   1  17
1  146   1 172
1  147   1 373
1  148   1 297
1  149   1 408
1  150   1 360
1  151   1 308
1  152   1 124
1  153   1   6
1  154   1  85
1  155   1 142
1  156   1  78
1  157   1 122
1  158   1 385
1  159   1 263
1  160   1  28
1  161   1 137
1  162   1 484
1  163   1 335
1  164   1 327
1  165   1 433
1  166   1 227
1  167   1 455
1  168   1 311
1  169   1 136
1  170   1 268
1  171   1   2
1  172   1 365
1  173   1 193
1  174   1 106
1  175   1  54
1  176   1 414
1  177   1  41
1  178   1 205
1  179   1 422
1  180   1  11
1  181   1  43
1  182   1  74
1  183   1 257
1  184   1  48
1  185   1 507
1  186   1  72
1  187   1 114
1  188   1 239
1  189   1  33
1  190   1 349
1  191   1 251
1  192   1 301
1  193   1 463
1  194   1 393
1  195   1 432
1  196   1  15
1  197   1 508
1  198   2 362
1  199   2 264
1  200   2 132
1  201   2 438
1  202   2 413
1  203   2 336
1  204   2 305
1  205   2  37
1  206   2 213
1  207   2 334
1  208   2 315
1  209   2 460
1  210   2 149
1  211   2 294
1  212   2 232
1  213   2 188
1  214   2 506
1  215   2 244
1  216   2 171
1  217   2 469
1  218   2 496
1  219   2 154
1  220   2 313
1  221   2 491
1  222   2 228
1  223   2 291
1  224   2 307
1  225   2  34
1  226   2  46
1  227   2 340
1  228   2 170
1  229   2 427
1  230   2 104
1  231   2  26
1  232   2 178
1  233   2 435
1  234   2 411
1  235   2 198
1  236   2 256
1  237   2 397
1  238   2 448
1  239   2   3
1  240   2 383
1  241   2 481
1  242   2 208
1  243   2 488
1  244   2 376
1  245   2 472
1  246   2 458
1  247   2 332
1  248   2 224
1  249   2 407
1  250   2 306
1  251   2 147
1  252   2 179
1  253   2  38
1  254   2 150
1  255   2 382
1  256   1 437
1  257   1 381
1  258   1 494
1  259   1 447
1  260   1  66
1  261   1  92
1  262   1 358
1  263   1 319
1  264   1 209
1  265   1  96
1  266   1 304
1  267   1 295
1  268   1  99
1  269   1 177
1  270   1 489
1  271   1 431
1  272   1 111
1  273   1 157
1  274   1 400
1  275   1 436
1  276   1  42
1  277   1 152
1  278   1 374
1  279   1 113
1  280   1  80
1  281   1 285
1  282   1 353
1  283   1 226
1  284   1 402
1  285   1 326
1  286   1  71
1  287   1 440
1  288   1 194
1  289   1 240
1  290   1 391
1  291   1 300
1  292   1 286
1  293   1   9
1  294   1 206
1  295   1 466
1  296   1  87
1  297   1 163
1  298   1  88
1  299   1 129
1  300   1 380
1  301   1 269
1  302   1  83
1  303   1 186
1  304   1 223
1  305   1 346
1  306   1  52
1  307   1  14
1  308   1 425
1  309   1 207
1  310   1  68
1  311   1 260
1  312   1 151
1  313   1 450
1  314   1 169
1  315   1 130
1  316   1 352
1  317   1  63
1  318   1 505
1  319   1 103
1  320   1 166
1  321   1 155
1  322   1 363
1  323   1 314
1  324   1  77
1  325   1  91
1  326   1 497
1  327   1 317
1  328   1 415
1  329   1  94
1  330   1  82
1  331   1  97
1  332   1  89
1  333   1 347
1  334   1 107
1  335   1 405
1  336   1 479
1  337   1 339
1  338   1  36
1  339   1 417
1  340   1 288
1  341   1 357
1  342   1 148
1  343   1 253
1  344   1  59
1  345   1 217
1  346   1 101
1  347   1 196
1  348   1 289
1  349   1 359
1  350   1 467
1  351   1  90
1  352   1 372
1  353   1 283
1  354   1 199
1  355   1 112
1  356   1  23
1  357   1  40
1  358   1 416
1  359   1 364
1  360   1 270
1  361   1 115
1  362   1 474
1  363   1 201
1  364   1  84
1  365   1 116
1  366   1 492
1  367   1  57
1  368   1 379
1  369   1 102
1  370   1 477
1  371   1 287
1  372   1  86
1  373   1 350
1  374   1 395
1  375   1 471
1  376   1 216
1  377   1 399
1  378   1  29
1  379   1 396
1  380   1 127
1  381   1 355
1  382   1 128
1  383   1  67
1  384   1 140
1  385   1 290
1  386   1 123
1  387   1 409
1  388   1 490
1  389   1 454
1  390   1 377
1  391   1  53
1  392   1 476
1  393   1  24
1  394   1 509
1  395   1 510
1  396   2 361
1  397   2 495
1  398   2  21
1  399   2 452
1  400   2 429
1  401   2  51
1  402   2  10
1  403   2   4
1  404   2 261
1  405   2 324
1  406   2 337
1  407   2  18
1  408   2 318
1  409   2 473
1  410   2  20
1  411   2 248
1  412   2 504
1  413   2 284
1  414   2 501
1  415   2 344
1  416   2  69
1  417   2  13
1  418   2 158
1  419   2 250
1  420   2 499
1  421   2 183
1  422   2 426
1  423   2  12
1  424   2 367
1  425   2 254
1  426   2 241
1  427   2 328
1  428   2 121
1  429   2 220
1  430   2 229
1  431   2 371
1  432   2 333
1  433   2 141
1  434   2 500
1  435   2  25
1  436   2 456
1  437   2 368
1  438   2 387
1  439   2 468
1  440   2 457
1  441   2  31
1  442   2 175
1  443   2 277
1  444   2 133
1  445   2 265
1  446   2 202
1  447   2 267
1  448   2 342
1  449   2 161
1  450   2 446
1  451   2 276
1  452   2 131
1  453   2  16
1  454   2 462
1  455   2 118
1  456   2 345
1  457   2 434
1  458   2 366
1  459   2 323
1  460   2 185
1  461   2 281
1  462   2 487
1  463   2 322
1  464   2 451
1  465   2 375
1  466   2 221
1  467   2 119
1  468   2 296
1  469   2 189
1  470   2  55
1  471   2   5
1  472   2 168
1  473   2 234
1  474   2  45
1  475   2 236
1  476   2 156
1  477   2  93
1  478   2 403
1  479   2 271
1  480   2 238
1  481   2 298
1  482   2 423
1  483   2 146
1  484   2 143
1  485   2 280
1  486   2 343
1  487   2 110
1  488   2 482
1  489   2 389
1  490   2 162
1  491   2 243
1  492   2 292
1  493   2   7
1  494   2  22
1  495   2 464
1  496   2 184
1  497   2 439
1  498   2 153
1  499   2 222
1  500   2 272
1  501   2 445
1  502   2 453
1  503   2 398
1  504   2 406
1  505   2 144
1  506   2 493
1  507   2 167
1  508   2 410
1  509   2 266
1  510   2 338
1  511   2 511
0  512   1 437
0  513   1 231
0  514   1 381
0  515   1 211
0  516   1 494
0  517   1 278
0  518   1 447
0  519   1 145
0  520   1  66
0  521   1  76
0  522   1  92
0  523   1  81
0  524   1 358
0  525   1 386
0  526   1 319
0  527   1  73
0  528   1 209
0  529   1 330
0  530   1  96
0  531   1 329
0  532   1 304
0  533   1 470
0  534   1 295
0  535   1 274
0  536   1  99
0  537   1 424
0  538   1 177
0  539   1 303
0  540   1 489
0  541   1 218
0  542   1 431
0  543   1 164
0  544   1 111
0  545   1 390
0  546   1 157
0  547   1 230
0  548   1 400
0  549   1 444
0  550   1 436
0  551   1 174
0  552   1  42
0  553   1  56
0  554   1 152
0  555   1  62
0  556   1 374
0  557   1  95
0  558   1 113
0  559   1 420
0  560   1  80
0  561   1 331
0  562   1 285
0  563   1  44
0  564   1 353
0  565   1  58
0  566   1 226
0  567   1  98
0  568   1 402
0  569   1 159
0  570   1 326
0  571   1  30
0  572   1  71
0  573   1 204
0  574   1 440
0  575   1 225
0  576   1 194
0  577   1 195
0  578   1 240
0  579   1 138
0  580   1 391
0  581   1  17
0  582   1 300
0  583   1 388
0  584   1 286
0  585   1 172
0  586   1   9
0  587   1 502
0  588   1 206
0  589   1 373
0  590   1 466
0  591   1 498
0  592   1  87
0  593   1 297
0  594   1 163
0  595   1 165
0  596   1  88
0  597   1 408
0  598   1 129
0  599   1  79
0  600   1 380
0  601   1 360
0  602   1 269
0  603   1 418
0  604   1  83
0  605   1 308
0  606   1 186
0  607   1 309
0  608   1 223
0  609   1 124
0  610   1 346
0  611   1 419
0  612   1  52
0  613   1   6
0  614   1  14
0  615   1 310
0  616   1 425
0  617   1  85
0  618   1 207
0  619   1 282
0  620   1  68
0  621   1 142
0  622   1 260
0  623   1  27
0  624   1 151
0  625   1  78
0  626   1 450
0  627   1 320
0  628   1 169
0  629   1 122
0  630   1 130
0  631   1  60
0  632   1 352
0  633   1 385
0  634   1  63
0  635   1 160
0  636   1 505
0  637   1 263
0  638   1 103
0  639   1 401
0  640   1 166
0  641   1  28
0  642   1 155
0  643   1 235
0  644   1 363
0  645   1 137
0  646   1 314
0  647   1 210
0  648   1  77
0  649   1 484
0  650   1  91
0  651   1 442
0  652   1 497
0  653   1 335
0  654   1 317
0  655   1 135
0  656   1 415
0  657   1 327
0  658   1  94
0  659   1  64
0  660   1  82
0  661   1 433
0  662   1  97
0  663   1 378
0  664   1  89
0  665   1 227
0  666   1 347
0  667   1 302
0  668   1 107
0  669   1 455
0  670   1 405
0  671   1 351
0  672   1 479
0  673   1 311
0  674   1 339
0  675   1  65
0  676   1  36
0  677   1 136
0  678   1 417
0  679   1 191
0  680   1 288
0  681   1 268
0  682   1 357
0  683   1   8
0  684   1 148
0  685   1   2
0  686   1 253
0  687   1 478
0  688   1  59
0  689   1 365
0  690   1 217
0  691   1 299
0  692   1 101
0  693   1 193
0  694   1 196
0  695   1 125
0  696   1 289
0  697   1 106
0  698   1 359
0  699   1 441
0  700   1 467
0  701   1  54
0  702   1  90
0  703   1 356
0  704   1 372
0  705   1 414
0  706   1 283
0  707   1 392
0  708   1 199
0  709   1  41
0  710   1 112
0  711   1 259
0  712   1  23
0  713   1 205
0  714   1  40
0  715   1 197
0  716   1 416
0  717   1 422
0  718   1 364
0  719   1 120
0  720   1 270
0  721   1  11
0  722   1 115
0  723   1 182
0  724   1 474
0  725   1  43
0  726   1 201
0  727   1 126
0  728   1  84
0  729   1  74
0  730   1 116
0  731   1 180
0  732   1 492
0  733   1 257
0  734   1  57
0  735   1 214
0  736   1 379
0  737   1  48
0  738   1 102
0  739   1 255
0  740   1 477
0  741   1 507
0  742   1 287
0  743   1 348
0  744   1  86
0  745   1  72
0  746   1 350
0  747   1 384
0  748   1 395
0  749   1 114
0  750   1 471
0  751   1 252
0  752   1 216
0  753   1 239
0  754   1 399
0  755   1  32
0  756   1  29
0  757   1  33
0  758   1 396
0  759   1 293
0  760   1 127
0  761   1 349
0  762   1 355
0  763   1 412
0  764   1 128
0  765   1 251
0  766   1  67
0  767   1 475
0  768   1 140
0  769   1 301
0  770   1 290
0  771   1 421
0  772   1 123
0  773   1 463
0  774   1 409
0  775   1 449
0  776   1 490
0  777   1 393
0  778   1 454
0  779   1 404
0  780   1 377
0  781   1 432
0  782   1  53
0  783   1 203
0  784   1 476
0  785   1  15
0  786   1  24
0  787   1  50
0  788   1 509
0  789   1 508
0  790   1 510
0  791   2  35
0  792   2 361
0  793   2 362
0  794   2 495
0  795   2 465
0  796   2  21
0  797   2 264
0  798   2 452
0  799   2 249
0  800   2 429
0  801   2 132
0  802   2  51
0  803   2 242
0  804   2  10
0  805   2 438
0  806   2   4
0  807   2 486
0  808   2 261
0  809   2 413
0  810   2 324
0  811   2 483
0  812   2 337
0  813   2 336
0  814   2  18
0  815   2 105
0  816   2 318
0  817   2 305
0  818   2 473
0  819   2 258
0  820   2  20
0  821   2  37
0  822   2 248
0  823   2 176
0  824   2 504
0  825   2 213
0  826   2 284
0  827   2 461
0  828   2 501
0  829   2 334
0  830   2 344
0  831   2 246
0  832   2  69
0  833   2 315
0  834   2  13
0  835   2 480
0  836   2 158
0  837   2 460
0  838   2 250
0  839   2  39
0  840   2 499
0  841   2 149
0  842   2 183
0  843   2 237
0  844   2 426
0  845   2 294
0  846   2  12
0  847   2 181
0  848   2 367
0  849   2 232
0  850   2 254
0  851   2 192
0  852   2 241
0  853   2 188
0  854   2 328
0  855   2  75
0  856   2 121
0  857   2 506
0  858   2 220
0  859   2 219
0  860   2 229
0  861   2 244
0  862   2 371
0  863   2  19
0  864   2 333
0  865   2 171
0  866   2 141
0  867   2 459
0  868   2 500
0  869   2 469
0  870   2  25
0  871   2 212
0  872   2 456
0  873   2 496
0  874   2 368
0  875   2 139
0  876   2 387
0  877   2 154
0  878   2 468
0  879   2 187
0  880   2 457
0  881   2 313
0  882   2  31
0  883   2 247
0  884   2 175
0  885   2 491
0  886   2 277
0  887   2   1
0  888   2 133
0  889   2 228
0  890   2 265
0  891   2 341
0  892   2 202
0  893   2 291
0  894   2 267
0  895   2 190
0  896   2 342
0  897   2 307
0  898   2 161
0  899   2 316
0  900   2 446
0  901   2  34
0  902   2 276
0  903   2  49
0  904   2 131
0  905   2  46
0  906   2  16
0  907   2  47
0  908   2 462
0  909   2 340
0  910   2 118
0  911   2 233
0  912   2 345
0  913   2 170
0  914   2 434
0  915   2 200
0  916   2 366
0  917   2 427
0  918   2 323
0  919   2 370
0  920   2 185
0  921   2 104
0  922   2 281
0  923   2 312
0  924   2 487
0  925   2  26
0  926   2 322
0  927   2 273
0  928   2 451
0  929   2 178
0  930   2 375
0  931   2 262
0  932   2 221
0  933   2 435
0  934   2 119
0  935   2 325
0  936   2 296
0  937   2 411
0  938   2 189
0  939   2 485
0  940   2  55
0  941   2 198
0  942   2   5
0  943   2 173
0  944   2 168
0  945   2 256
0  946   2 234
0  947   2 354
0  948   2  45
0  949   2 397
0  950   2 236
0  951   2 108
0  952   2 156
0  953   2 448
0  954   2  93
0  955   2 100
0  956   2 403
0  957   2   3
0  958   2 271
0  959   2 117
0  960   2 238
0  961   2 383
0  962   2 298
0  963   2 109
0  964   2 423
0  965   2 481
0  966   2 146
0  967   2 428
0  968   2 143
0  969   2 208
0  970   2 280
0  971   2 503
0  972   2 343
0  973   2 488
0  974   2 110
0  975   2 430
0  976   2 482
0  977   2 376
0  978   2 389
0  979   2 321
0  980   2 162
0  981   2 472
0  982   2 243
0  983   2 279
0  984   2 292
0  985   2 458
0  986   2   7
0  987   2 134
0  988   2  22
0  989   2 332
0  990   2 464
0  991   2 215
0  992   2 184
0  993   2 224
0  994   2 439
0  995   2 275
0  996   2 153
0  997   2 407
0  998   2 222
0  999   2 394
0 1000   2 272
0 1001   2 306
0 1002   2 445
0 1003   2  61
0 1004   2 453
0 1005   2 147
0 1006   2 398
0 1007   2 369
0 1008   2 406
0 1009   2 179
0 1010   2 144
0 1011   2  70
0 1012   2 493
0 1013   2  38
0 1014   2 167
0 1015   2 245
0 1016   2 410
0 1017   2 150
0 1018   2 266
0 1019   2 443
0 1020   2 338
0 1021   2 382
0 1022   2 511
0 1023   2 512
