107 44 6 21
1   1    40491051 38
1   2     7413882 36
1   3  9999999999  0
1   4     4173460 29
1   5    10722816 17
1   6   109955400 27
1   7  9999999999  0
1   8     3215800  3
1   9     5455407 37
1  10     9930915 19
1  11    28221181 22
1  12    64057790 15
1  13   304228257 43
1  14  9999999999  0
1  15  9999999999  0
1  16      792604  9
1  17     3798500 28
1  18     5120000 35
1  19     7112359 24
1  20     8205533  5
1  21    10403951  6
1  22    21007310  4
1  23    33212696  8
1  24    50762900 13
1  25    81713517 12
1  26   189612814 44
1  27  9999999999  0
1  28  9999999999  0
1  29  9999999999  0
1  30  9999999999  0
1  31  9999999999  0
1  32      304367 20
1  33     3054933 26
1  34     3395000 41
1  35     4156119 23
1  36     4644457 30
1  37     5244749 14
1  38     5484723 11
1  39     7262675  7
1  40     7581520 40
1  41     9045389 39
1  42    10220911 10
1  43    10676910 32
1  44    16375000 18
1  45    22246862 33
1  46    29863000  1
1  47    39745613  2
1  48    40736000 31
1  49    58145321 25
1  50    75793836 42
1  51    82369548 16
1  52   140702094 34
1  53   304228257 43
1  54  9999999999  0
1  55  9999999999  0
1  56  9999999999  0
1  57  9999999999  0
1  58  9999999999  0
1  59  9999999999  0
1  60  9999999999  0
1  61  9999999999  0
1  62  9999999999  0
1  63  9999999999  0
0  64      304367 20
0  65      792604  9
0  66     3054933 26
0  67     3215800  3
0  68     3395000 41
0  69     3798500 28
0  70     4156119 23
0  71     4173460 29
0  72     4644457 30
0  73     5120000 35
0  74     5244749 14
0  75     5455407 37
0  76     5484723 11
0  77     7112359 24
0  78     7262675  7
0  79     7413882 36
0  80     7581520 40
0  81     8205533  5
0  82     9045389 39
0  83     9930915 19
0  84    10220911 10
0  85    10403951  6
0  86    10676910 32
0  87    10722816 17
0  88    16375000 18
0  89    21007310  4
0  90    22246862 33
0  91    28221181 22
0  92    29863000  1
0  93    33212696  8
0  94    39745613  2
0  95    40491051 38
0  96    40736000 31
0  97    50762900 13
0  98    58145321 25
0  99    64057790 15
0 100    75793836 42
0 101    81713517 12
0 102    82369548 16
0 103   109955400 27
0 104   140702094 34
0 105   189612814 44
0 106   304228257 43
0 107  1147995898 21
