1023 512 9 15
1    1 256 256
1    2 128 128
1    3 384 384
1    4  64  64
1    5 192 192
1    6 320 320
1    7 448 448
1    8  32  32
1    9  96  96
1   10 160 160
1   11 224 224
1   12 288 288
1   13 352 352
1   14 416 416
1   15 480 480
1   16  16  16
1   17  48  48
1   18  80  80
1   19 112 112
1   20 144 144
1   21 176 176
1   22 208 208
1   23 240 240
1   24 272 272
1   25 304 304
1   26 336 336
1   27 368 368
1   28 400 400
1   29 432 432
1   30 464 464
1   31 496 496
1   32   8   8
1   33  24  24
1   34  40  40
1   35  56  56
1   36  72  72
1   37  88  88
1   38 104 104
1   39 120 120
1   40 136 136
1   41 152 152
1   42 168 168
1   43 184 184
1   44 200 200
1   45 216 216
1   46 232 232
1   47 248 248
1   48 264 264
1   49 280 280
1   50 296 296
1   51 312 312
1   52 328 328
1   53 344 344
1   54 360 360
1   55 376 376
1   56 392 392
1   57 408 408
1   58 424 424
1   59 440 440
1   60 456 456
1   61 472 472
1   62 488 488
1   63 504 504
1   64   4   4
1   65  12  12
1   66  20  20
1   67  28  28
1   68  36  36
1   69  44  44
1   70  52  52
1   71  60  60
1   72  68  68
1   73  76  76
1   74  84  84
1   75  92  92
1   76 100 100
1   77 108 108
1   78 116 116
1   79 124 124
1   80 132 132
1   81 140 140
1   82 148 148
1   83 156 156
1   84 164 164
1   85 172 172
1   86 180 180
1   87 188 188
1   88 196 196
1   89 204 204
1   90 212 212
1   91 220 220
1   92 228 228
1   93 236 236
1   94 244 244
1   95 252 252
1   96 260 260
1   97 268 268
1   98 276 276
1   99 284 284
1  100 292 292
1  101 300 300
1  102 308 308
1  103 316 316
1  104 324 324
1  105 332 332
1  106 340 340
1  107 348 348
1  108 356 356
1  109 364 364
1  110 372 372
1  111 380 380
1  112 388 388
1  113 396 396
1  114 404 404
1  115 412 412
1  116 420 420
1  117 428 428
1  118 436 436
1  119 444 444
1  120 452 452
1  121 460 460
1  122 468 468
1  123 476 476
1  124 484 484
1  125 492 492
1  126 500 500
1  127 508 508
1  128   2   2
1  129   6   6
1  130  10  10
1  131  14  14
1  132  18  18
1  133  22  22
1  134  26  26
1  135  30  30
1  136  34  34
1  137  38  38
1  138  42  42
1  139  46  46
1  140  50  50
1  141  54  54
1  142  58  58
1  143  62  62
1  144  66  66
1  145  70  70
1  146  74  74
1  147  78  78
1  148  82  82
1  149  86  86
1  150  90  90
1  151  94  94
1  152  98  98
1  153 102 102
1  154 106 106
1  155 110 110
1  156 114 114
1  157 118 118
1  158 122 122
1  159 126 126
1  160 130 130
1  161 134 134
1  162 138 138
1  163 142 142
1  164 146 146
1  165 150 150
1  166 154 154
1  167 158 158
1  168 162 162
1  169 166 166
1  170 170 170
1  171 174 174
1  172 178 178
1  173 182 182
1  174 186 186
1  175 190 190
1  176 194 194
1  177 198 198
1  178 202 202
1  179 206 206
1  180 210 210
1  181 214 214
1  182 218 218
1  183 222 222
1  184 226 226
1  185 230 230
1  186 234 234
1  187 238 238
1  188 242 242
1  189 246 246
1  190 250 250
1  191 254 254
1  192 258 258
1  193 262 262
1  194 266 266
1  195 270 270
1  196 274 274
1  197 278 278
1  198 282 282
1  199 286 286
1  200 290 290
1  201 294 294
1  202 298 298
1  203 302 302
1  204 306 306
1  205 310 310
1  206 314 314
1  207 318 318
1  208 322 322
1  209 326 326
1  210 330 330
1  211 334 334
1  212 338 338
1  213 342 342
1  214 346 346
1  215 350 350
1  216 354 354
1  217 358 358
1  218 362 362
1  219 366 366
1  220 370 370
1  221 374 374
1  222 378 378
1  223 382 382
1  224 386 386
1  225 390 390
1  226 394 394
1  227 398 398
1  228 402 402
1  229 406 406
1  230 410 410
1  231 414 414
1  232 418 418
1  233 422 422
1  234 426 426
1  235 430 430
1  236 434 434
1  237 438 438
1  238 442 442
1  239 446 446
1  240 450 450
1  241 454 454
1  242 458 458
1  243 462 462
1  244 466 466
1  245 470 470
1  246 474 474
1  247 478 478
1  248 482 482
1  249 486 486
1  250 490 490
1  251 494 494
1  252 498 498
1  253 502 502
1  254 506 506
1  255 510 510
1  256   1   1
1  257   3   3
1  258   5   5
1  259   7   7
1  260   9   9
1  261  11  11
1  262  13  13
1  263  15  15
1  264  17  17
1  265  19  19
1  266  21  21
1  267  23  23
1  268  25  25
1  269  27  27
1  270  29  29
1  271  31  31
1  272  33  33
1  273  35  35
1  274  37  37
1  275  39  39
1  276  41  41
1  277  43  43
1  278  45  45
1  279  47  47
1  280  49  49
1  281  51  51
1  282  53  53
1  283  55  55
1  284  57  57
1  285  59  59
1  286  61  61
1  287  63  63
1  288  65  65
1  289  67  67
1  290  69  69
1  291  71  71
1  292  73  73
1  293  75  75
1  294  77  77
1  295  79  79
1  296  81  81
1  297  83  83
1  298  85  85
1  299  87  87
1  300  89  89
1  301  91  91
1  302  93  93
1  303  95  95
1  304  97  97
1  305  99  99
1  306 101 101
1  307 103 103
1  308 105 105
1  309 107 107
1  310 109 109
1  311 111 111
1  312 113 113
1  313 115 115
1  314 117 117
1  315 119 119
1  316 121 121
1  317 123 123
1  318 125 125
1  319 127 127
1  320 129 129
1  321 131 131
1  322 133 133
1  323 135 135
1  324 137 137
1  325 139 139
1  326 141 141
1  327 143 143
1  328 145 145
1  329 147 147
1  330 149 149
1  331 151 151
1  332 153 153
1  333 155 155
1  334 157 157
1  335 159 159
1  336 161 161
1  337 163 163
1  338 165 165
1  339 167 167
1  340 169 169
1  341 171 171
1  342 173 173
1  343 175 175
1  344 177 177
1  345 179 179
1  346 181 181
1  347 183 183
1  348 185 185
1  349 187 187
1  350 189 189
1  351 191 191
1  352 193 193
1  353 195 195
1  354 197 197
1  355 199 199
1  356 201 201
1  357 203 203
1  358 205 205
1  359 207 207
1  360 209 209
1  361 211 211
1  362 213 213
1  363 215 215
1  364 217 217
1  365 219 219
1  366 221 221
1  367 223 223
1  368 225 225
1  369 227 227
1  370 229 229
1  371 231 231
1  372 233 233
1  373 235 235
1  374 237 237
1  375 239 239
1  376 241 241
1  377 243 243
1  378 245 245
1  379 247 247
1  380 249 249
1  381 251 251
1  382 253 253
1  383 255 255
1  384 257 257
1  385 259 259
1  386 261 261
1  387 263 263
1  388 265 265
1  389 267 267
1  390 269 269
1  391 271 271
1  392 273 273
1  393 275 275
1  394 277 277
1  395 279 279
1  396 281 281
1  397 283 283
1  398 285 285
1  399 287 287
1  400 289 289
1  401 291 291
1  402 293 293
1  403 295 295
1  404 297 297
1  405 299 299
1  406 301 301
1  407 303 303
1  408 305 305
1  409 307 307
1  410 309 309
1  411 311 311
1  412 313 313
1  413 315 315
1  414 317 317
1  415 319 319
1  416 321 321
1  417 323 323
1  418 325 325
1  419 327 327
1  420 329 329
1  421 331 331
1  422 333 333
1  423 335 335
1  424 337 337
1  425 339 339
1  426 341 341
1  427 343 343
1  428 345 345
1  429 347 347
1  430 349 349
1  431 351 351
1  432 353 353
1  433 355 355
1  434 357 357
1  435 359 359
1  436 361 361
1  437 363 363
1  438 365 365
1  439 367 367
1  440 369 369
1  441 371 371
1  442 373 373
1  443 375 375
1  444 377 377
1  445 379 379
1  446 381 381
1  447 383 383
1  448 385 385
1  449 387 387
1  450 389 389
1  451 391 391
1  452 393 393
1  453 395 395
1  454 397 397
1  455 399 399
1  456 401 401
1  457 403 403
1  458 405 405
1  459 407 407
1  460 409 409
1  461 411 411
1  462 413 413
1  463 415 415
1  464 417 417
1  465 419 419
1  466 421 421
1  467 423 423
1  468 425 425
1  469 427 427
1  470 429 429
1  471 431 431
1  472 433 433
1  473 435 435
1  474 437 437
1  475 439 439
1  476 441 441
1  477 443 443
1  478 445 445
1  479 447 447
1  480 449 449
1  481 451 451
1  482 453 453
1  483 455 455
1  484 457 457
1  485 459 459
1  486 461 461
1  487 463 463
1  488 465 465
1  489 467 467
1  490 469 469
1  491 471 471
1  492 473 473
1  493 475 475
1  494 477 477
1  495 479 479
1  496 481 481
1  497 483 483
1  498 485 485
1  499 487 487
1  500 489 489
1  501 491 491
1  502 493 493
1  503 495 495
1  504 497 497
1  505 499 499
1  506 501 501
1  507 503 503
1  508 505 505
1  509 507 507
1  510 509 509
1  511 511 511
0  512   1   1
0  513   2   2
0  514   3   3
0  515   4   4
0  516   5   5
0  517   6   6
0  518   7   7
0  519   8   8
0  520   9   9
0  521  10  10
0  522  11  11
0  523  12  12
0  524  13  13
0  525  14  14
0  526  15  15
0  527  16  16
0  528  17  17
0  529  18  18
0  530  19  19
0  531  20  20
0  532  21  21
0  533  22  22
0  534  23  23
0  535  24  24
0  536  25  25
0  537  26  26
0  538  27  27
0  539  28  28
0  540  29  29
0  541  30  30
0  542  31  31
0  543  32  32
0  544  33  33
0  545  34  34
0  546  35  35
0  547  36  36
0  548  37  37
0  549  38  38
0  550  39  39
0  551  40  40
0  552  41  41
0  553  42  42
0  554  43  43
0  555  44  44
0  556  45  45
0  557  46  46
0  558  47  47
0  559  48  48
0  560  49  49
0  561  50  50
0  562  51  51
0  563  52  52
0  564  53  53
0  565  54  54
0  566  55  55
0  567  56  56
0  568  57  57
0  569  58  58
0  570  59  59
0  571  60  60
0  572  61  61
0  573  62  62
0  574  63  63
0  575  64  64
0  576  65  65
0  577  66  66
0  578  67  67
0  579  68  68
0  580  69  69
0  581  70  70
0  582  71  71
0  583  72  72
0  584  73  73
0  585  74  74
0  586  75  75
0  587  76  76
0  588  77  77
0  589  78  78
0  590  79  79
0  591  80  80
0  592  81  81
0  593  82  82
0  594  83  83
0  595  84  84
0  596  85  85
0  597  86  86
0  598  87  87
0  599  88  88
0  600  89  89
0  601  90  90
0  602  91  91
0  603  92  92
0  604  93  93
0  605  94  94
0  606  95  95
0  607  96  96
0  608  97  97
0  609  98  98
0  610  99  99
0  611 100 100
0  612 101 101
0  613 102 102
0  614 103 103
0  615 104 104
0  616 105 105
0  617 106 106
0  618 107 107
0  619 108 108
0  620 109 109
0  621 110 110
0  622 111 111
0  623 112 112
0  624 113 113
0  625 114 114
0  626 115 115
0  627 116 116
0  628 117 117
0  629 118 118
0  630 119 119
0  631 120 120
0  632 121 121
0  633 122 122
0  634 123 123
0  635 124 124
0  636 125 125
0  637 126 126
0  638 127 127
0  639 128 128
0  640 129 129
0  641 130 130
0  642 131 131
0  643 132 132
0  644 133 133
0  645 134 134
0  646 135 135
0  647 136 136
0  648 137 137
0  649 138 138
0  650 139 139
0  651 140 140
0  652 141 141
0  653 142 142
0  654 143 143
0  655 144 144
0  656 145 145
0  657 146 146
0  658 147 147
0  659 148 148
0  660 149 149
0  661 150 150
0  662 151 151
0  663 152 152
0  664 153 153
0  665 154 154
0  666 155 155
0  667 156 156
0  668 157 157
0  669 158 158
0  670 159 159
0  671 160 160
0  672 161 161
0  673 162 162
0  674 163 163
0  675 164 164
0  676 165 165
0  677 166 166
0  678 167 167
0  679 168 168
0  680 169 169
0  681 170 170
0  682 171 171
0  683 172 172
0  684 173 173
0  685 174 174
0  686 175 175
0  687 176 176
0  688 177 177
0  689 178 178
0  690 179 179
0  691 180 180
0  692 181 181
0  693 182 182
0  694 183 183
0  695 184 184
0  696 185 185
0  697 186 186
0  698 187 187
0  699 188 188
0  700 189 189
0  701 190 190
0  702 191 191
0  703 192 192
0  704 193 193
0  705 194 194
0  706 195 195
0  707 196 196
0  708 197 197
0  709 198 198
0  710 199 199
0  711 200 200
0  712 201 201
0  713 202 202
0  714 203 203
0  715 204 204
0  716 205 205
0  717 206 206
0  718 207 207
0  719 208 208
0  720 209 209
0  721 210 210
0  722 211 211
0  723 212 212
0  724 213 213
0  725 214 214
0  726 215 215
0  727 216 216
0  728 217 217
0  729 218 218
0  730 219 219
0  731 220 220
0  732 221 221
0  733 222 222
0  734 223 223
0  735 224 224
0  736 225 225
0  737 226 226
0  738 227 227
0  739 228 228
0  740 229 229
0  741 230 230
0  742 231 231
0  743 232 232
0  744 233 233
0  745 234 234
0  746 235 235
0  747 236 236
0  748 237 237
0  749 238 238
0  750 239 239
0  751 240 240
0  752 241 241
0  753 242 242
0  754 243 243
0  755 244 244
0  756 245 245
0  757 246 246
0  758 247 247
0  759 248 248
0  760 249 249
0  761 250 250
0  762 251 251
0  763 252 252
0  764 253 253
0  765 254 254
0  766 255 255
0  767 256 256
0  768 257 257
0  769 258 258
0  770 259 259
0  771 260 260
0  772 261 261
0  773 262 262
0  774 263 263
0  775 264 264
0  776 265 265
0  777 266 266
0  778 267 267
0  779 268 268
0  780 269 269
0  781 270 270
0  782 271 271
0  783 272 272
0  784 273 273
0  785 274 274
0  786 275 275
0  787 276 276
0  788 277 277
0  789 278 278
0  790 279 279
0  791 280 280
0  792 281 281
0  793 282 282
0  794 283 283
0  795 284 284
0  796 285 285
0  797 286 286
0  798 287 287
0  799 288 288
0  800 289 289
0  801 290 290
0  802 291 291
0  803 292 292
0  804 293 293
0  805 294 294
0  806 295 295
0  807 296 296
0  808 297 297
0  809 298 298
0  810 299 299
0  811 300 300
0  812 301 301
0  813 302 302
0  814 303 303
0  815 304 304
0  816 305 305
0  817 306 306
0  818 307 307
0  819 308 308
0  820 309 309
0  821 310 310
0  822 311 311
0  823 312 312
0  824 313 313
0  825 314 314
0  826 315 315
0  827 316 316
0  828 317 317
0  829 318 318
0  830 319 319
0  831 320 320
0  832 321 321
0  833 322 322
0  834 323 323
0  835 324 324
0  836 325 325
0  837 326 326
0  838 327 327
0  839 328 328
0  840 329 329
0  841 330 330
0  842 331 331
0  843 332 332
0  844 333 333
0  845 334 334
0  846 335 335
0  847 336 336
0  848 337 337
0  849 338 338
0  850 339 339
0  851 340 340
0  852 341 341
0  853 342 342
0  854 343 343
0  855 344 344
0  856 345 345
0  857 346 346
0  858 347 347
0  859 348 348
0  860 349 349
0  861 350 350
0  862 351 351
0  863 352 352
0  864 353 353
0  865 354 354
0  866 355 355
0  867 356 356
0  868 357 357
0  869 358 358
0  870 359 359
0  871 360 360
0  872 361 361
0  873 362 362
0  874 363 363
0  875 364 364
0  876 365 365
0  877 366 366
0  878 367 367
0  879 368 368
0  880 369 369
0  881 370 370
0  882 371 371
0  883 372 372
0  884 373 373
0  885 374 374
0  886 375 375
0  887 376 376
0  888 377 377
0  889 378 378
0  890 379 379
0  891 380 380
0  892 381 381
0  893 382 382
0  894 383 383
0  895 384 384
0  896 385 385
0  897 386 386
0  898 387 387
0  899 388 388
0  900 389 389
0  901 390 390
0  902 391 391
0  903 392 392
0  904 393 393
0  905 394 394
0  906 395 395
0  907 396 396
0  908 397 397
0  909 398 398
0  910 399 399
0  911 400 400
0  912 401 401
0  913 402 402
0  914 403 403
0  915 404 404
0  916 405 405
0  917 406 406
0  918 407 407
0  919 408 408
0  920 409 409
0  921 410 410
0  922 411 411
0  923 412 412
0  924 413 413
0  925 414 414
0  926 415 415
0  927 416 416
0  928 417 417
0  929 418 418
0  930 419 419
0  931 420 420
0  932 421 421
0  933 422 422
0  934 423 423
0  935 424 424
0  936 425 425
0  937 426 426
0  938 427 427
0  939 428 428
0  940 429 429
0  941 430 430
0  942 431 431
0  943 432 432
0  944 433 433
0  945 434 434
0  946 435 435
0  947 436 436
0  948 437 437
0  949 438 438
0  950 439 439
0  951 440 440
0  952 441 441
0  953 442 442
0  954 443 443
0  955 444 444
0  956 445 445
0  957 446 446
0  958 447 447
0  959 448 448
0  960 449 449
0  961 450 450
0  962 451 451
0  963 452 452
0  964 453 453
0  965 454 454
0  966 455 455
0  967 456 456
0  968 457 457
0  969 458 458
0  970 459 459
0  971 460 460
0  972 461 461
0  973 462 462
0  974 463 463
0  975 464 464
0  976 465 465
0  977 466 466
0  978 467 467
0  979 468 468
0  980 469 469
0  981 470 470
0  982 471 471
0  983 472 472
0  984 473 473
0  985 474 474
0  986 475 475
0  987 476 476
0  988 477 477
0  989 478 478
0  990 479 479
0  991 480 480
0  992 481 481
0  993 482 482
0  994 483 483
0  995 484 484
0  996 485 485
0  997 486 486
0  998 487 487
0  999 488 488
0 1000 489 489
0 1001 490 490
0 1002 491 491
0 1003 492 492
0 1004 493 493
0 1005 494 494
0 1006 495 495
0 1007 496 496
0 1008 497 497
0 1009 498 498
0 1010 499 499
0 1011 500 500
0 1012 501 501
0 1013 502 502
0 1014 503 503
0 1015 504 504
0 1016 505 505
0 1017 506 506
0 1018 507 507
0 1019 508 508
0 1020 509 509
0 1021 510 510
0 1022 511 511
0 1023 512 512
