0 -9.000000 0.000000 -4.000000 153.000000 0.000000 1.000000 0.000000 0
0 -37.000000 0.000000 6.000000 405.000000 0.000000 1.000000 0.000000 9
1 -18.000000 0.000000 5.000000 42.000000 0.000000 1.000000 0.000000 9
3 -26.000000 0.000000 6.000000 -70.000000 0.000000 1.000000 0.000000 9
4 -18.000000 0.010000 5.000000 65.000000 0.000000 1.000000 0.000000 9
0 31.000000 0.000000 1.000000 0.000000 0.000000 1.000000 0.000000 36
1 -46.000000 0.000000 12.000000 187.000000 0.000000 1.000000 0.000000 36
1 -46.000000 3.200001 11.000000 177.000000 0.000000 1.000000 0.000000 36
0 35.000000 0.000000 9.000000 0.000000 0.000000 1.000000 0.000000 36
5 16.000000 7.000000 19.000000 -130.000000 0.000000 1.000000 0.000000 36
0 -22.000000 0.000000 0.000000 -206.000000 0.000000 1.000000 0.000000 15
2 2.000000 0.000000 -2.000000 -13.000000 0.000000 1.000000 0.000000 15
3 8.000000 0.200000 -2.000000 10.000000 0.000000 1.000000 0.000000 15
1 11.000000 0.000000 -2.000000 -17.000000 0.000000 1.000000 0.000000 20
1 -46.000000 6.400002 13.000000 185.000000 0.000000 1.000000 0.000000 36
6 19.399998 0.600000 11.000000 139.000000 0.000000 1.000000 0.000000 8
