107 44 6 20
1   1     32     32
1   2     16     16
1   3 999999 999999
1   4      8      8
1   5     24     24
1   6     40     40
1   7 999999 999999
1   8      4      4
1   9     12     12
1  10     20     20
1  11     28     28
1  12     36     36
1  13     44     44
1  14 999999 999999
1  15 999999 999999
1  16      2      2
1  17      6      6
1  18     10     10
1  19     14     14
1  20     18     18
1  21     22     22
1  22     26     26
1  23     30     30
1  24     34     34
1  25     38     38
1  26     42     42
1  27 999999 999999
1  28 999999 999999
1  29 999999 999999
1  30 999999 999999
1  31 999999 999999
1  32      1      1
1  33      3      3
1  34      5      5
1  35      7      7
1  36      9      9
1  37     11     11
1  38     13     13
1  39     15     15
1  40     17     17
1  41     19     19
1  42     21     21
1  43     23     23
1  44     25     25
1  45     27     27
1  46     29     29
1  47     31     31
1  48     33     33
1  49     35     35
1  50     37     37
1  51     39     39
1  52     41     41
1  53     43     43
1  54 999999 999999
1  55 999999 999999
1  56 999999 999999
1  57 999999 999999
1  58 999999 999999
1  59 999999 999999
1  60 999999 999999
1  61 999999 999999
1  62 999999 999999
1  63 999999 999999
0  64      1      1
0  65      2      2
0  66      3      3
0  67      4      4
0  68      5      5
0  69      6      6
0  70      7      7
0  71      8      8
0  72      9      9
0  73     10     10
0  74     11     11
0  75     12     12
0  76     13     13
0  77     14     14
0  78     15     15
0  79     16     16
0  80     17     17
0  81     18     18
0  82     19     19
0  83     20     20
0  84     21     21
0  85     22     22
0  86     23     23
0  87     24     24
0  88     25     25
0  89     26     26
0  90     27     27
0  91     28     28
0  92     29     29
0  93     30     30
0  94     31     31
0  95     32     32
0  96     33     33
0  97     34     34
0  98     35     35
0  99     36     36
0 100     37     37
0 101     38     38
0 102     39     39
0 103     40     40
0 104     41     41
0 105     42     42
0 106     43     43
0 107     44     44
